1,18.208509,54.827629,Karwie
2,17.951744,54.812237,
3,18.411207,54.791019,Wladyslawowo
4,18.165245,54.778648,
5,17.803066,54.77393,
6,17.699348,54.759739,
7,17.54875,54.754471,Leba
8,18.372292,54.743095,
9,17.852903,54.725685,
10,18.403248,54.714699,PUCK
11,18.353542,54.704948,
12,18.238058,54.69548,
13,17.329239,54.683659,
14,17.426155,54.674385,
15,17.213705,54.657955,Smoldzino
16,17.362883,54.613144,
17,18.218502,54.605824,WEJHEROWO
18,17.038506,54.602703,
19,18.348745,54.600994,
20,17.236757,54.600731,
21,16.859041,54.584236,Ustka
22,17.864508,54.570812,
23,18.399418,54.56702,
24,18.106844,54.563938,
25,17.482548,54.561523,
26,18.291359,54.541977,
27,17.740696,54.538528,LEBORK
28,17.073189,54.536976,
29,16.53054,54.534756,
30,17.911755,54.528152,
31,18.53636,54.517906,GDYNIA
32,16.904028,54.494053,
33,16.707466,54.489979,
34,18.220669,54.487038,
35,18.345932,54.486042,
36,18.140764,54.463795,Lebno
37,17.032688,54.462173,SLUPSK
38,17.203041,54.460178,
39,16.516665,54.45985,
40,17.813799,54.449989,
41,16.403969,54.418564,
42,17.699398,54.395851,
43,18.089685,54.392467,
44,20.046661,54.391216,
45,18.357481,54.385525,
46,19.820238,54.38039,BRANIEWO
47,16.965305,54.378876,
48,22.877638,54.368324,
49,18.624943,54.366203,GDANSK
50,19.688261,54.359097,
51,18.491957,54.354103,
52,17.570326,54.352737,
53,17.888859,54.349415,Sierakowice
54,19.989704,54.345417,
55,16.681314,54.345028,SLAWNO
56,18.369034,54.344257,
57,17.686426,54.339001,
58,19.043552,54.338837,
59,19.111866,54.333946,
60,18.207767,54.330711,KARTUZY
61,16.56152,54.329521,
62,20.234562,54.327225,GOROWO-ILAWECKIE
63,17.392513,54.322945,
64,19.532133,54.316708,Tolkmicko
65,22.318659,54.311691,GOLDAP
66,16.300627,54.308655,
67,21.127691,54.306797,
68,16.519199,54.303886,
69,21.285547,54.299755,
70,16.688765,54.296036,
71,19.603247,54.291977,
72,20.49844,54.289684,GOROWO-ILAWIECKIE
73,17.631472,54.28495,
74,16.214079,54.281334,
75,16.961447,54.275814,
76,19.942911,54.272964,
77,19.481916,54.272217,
78,16.666834,54.271965,
79,23.0515,54.270668,
80,20.284515,54.26791,
81,22.660435,54.259155,
82,20.033939,54.253883,
83,21.88213,54.253506,
84,16.04685,54.253342,
85,23.183895,54.251667,
86,20.816671,54.250145,BARTOSZYCE
87,18.640839,54.249352,
88,16.584436,54.247093,
89,21.086807,54.245304,
90,18.201954,54.240181,
91,20.13467,54.240116,Pieniezno
92,17.230579,54.239819,
93,17.768414,54.236141,
94,21.36499,54.22678,Barciany
95,16.290462,54.226475,
96,19.552448,54.222836,
97,17.563097,54.218761,
98,16.807777,54.217896,
99,21.552979,54.217152,
100,21.240034,54.216175,
101,21.744478,54.214058,WEGORZEWO
102,17.672873,54.211166,
103,22.916431,54.203686,
104,19.735407,54.193844,
105,16.184662,54.18639,KOSZALIN
106,15.566586,54.182434,KOLOBRZEG
107,22.615215,54.182159,
108,20.361113,54.180206,
109,16.115414,54.175308,
110,19.893627,54.174488,
111,18.281343,54.173466,
112,17.486223,54.172482,BYTOW
113,21.152925,54.171936,
114,22.422384,54.168949,Rudzie
115,16.027195,54.163601,
116,16.437527,54.161118,
117,21.979246,54.160782,
118,21.392483,54.159878,
119,19.405294,54.159142,ELBLAG
120,18.548386,54.150105,
121,15.293844,54.147346,
122,19.788666,54.144718,
123,21.504704,54.143925,
124,21.863745,54.141117,
125,21.183661,54.140148,
126,19.012867,54.137321,
127,18.195499,54.136047,
128,15.710984,54.134686,
129,20.595976,54.131355,LIDZBARK WARMINSKI
130,21.591032,54.13097,
131,16.616257,54.13073,
132,17.975368,54.126797,KOSCIERZYNA
133,16.29941,54.123318,Manowo
134,18.393679,54.121067,
135,16.681139,54.117828,
136,23.209312,54.11758,
137,17.33259,54.113365,
138,22.940199,54.103336,SUMALKI
139,23.348387,54.102264,
140,16.98871,54.100231,
141,17.780106,54.099716,
142,22.660931,54.094563,
143,20.904602,54.091221,Bisztynek
144,18.800009,54.090752,TCZEW
145,21.922958,54.089123,
146,21.372282,54.077259,KETRZYN
147,16.116325,54.074295,
148,20.247066,54.074066,
149,18.449326,54.073902,Skarszewy
150,16.286726,54.073673,
151,15.262691,54.063828,
152,19.659927,54.063118,Pasleg
153,18.863657,54.061073,
154,19.96435,54.058372,
155,22.162024,54.053623,
156,21.152479,54.053059,Reszel
157,15.867672,54.037697,
158,21.766653,54.037098,GIZYCKO
159,19.037685,54.03508,MALBORK
160,18.662563,54.034649,
161,17.54217,54.034252,
162,23.367844,54.030849,
163,22.50135,54.030437,OLECKO
164,18.497372,54.022686,
165,19.362537,54.02063,
166,16.97434,54.016949,
167,21.58559,54.015957,
168,20.079031,54.015766,Milakowo
169,17.767229,54.012794,Dziemiany
170,21.307936,54.011974,
171,15.983552,54.011013,Bialogard
172,16.365192,54.000248,
173,16.687635,53.992085,
174,19.530226,53.991165,
175,20.395967,53.990856,Dobre Miasto
176,22.575684,53.98954,
177,22.785662,53.988998,Raczki
178,17.155748,53.988365,MIASTKO
179,16.116983,53.988235,
180,20.613657,53.988037,
181,22.04842,53.977287,Wydminy
182,20.750978,53.975361,Jeziorany
183,19.803011,53.970417,
184,14.767628,53.968472,
185,18.530848,53.966579,STAROGARD GDANSKI
186,14.961018,53.964626,
187,19.597729,53.958878,
188,16.586323,53.954525,Bobolice
189,21.540171,53.945465,
190,15.521725,53.944927,
191,16.973108,53.939285,
192,18.758583,53.936573,
193,18.341152,53.934044,Zblewo
194,20.245138,53.929848,
195,22.183084,53.927498,
196,21.3102,53.927158,
197,21.17482,53.927055,
198,14.439016,53.926529,
199,19.034353,53.925098,
200,19.350109,53.923782,Dzierzgon
201,19.926764,53.922241,MORAG
202,19.515686,53.920135,
203,18.901388,53.920086,
204,19.736362,53.910408,
205,14.238791,53.907871,SWINOUJSCIE
206,17.070803,53.903351,
207,18.240274,53.899742,
208,16.838938,53.899548,
209,20.582842,53.899281,
210,22.356575,53.894657,
211,16.068884,53.893585,
212,15.704966,53.891502,
213,20.448658,53.8885,
214,17.720459,53.883305,Brusy
215,21.305811,53.873058,MRAGOWO
216,21.419132,53.872227,
217,19.264599,53.868637,
218,21.749155,53.866779,
219,20.961798,53.865772,BISKUPIEC
220,18.324671,53.863873,
221,16.602844,53.856636,
222,19.169428,53.852852,
223,18.406282,53.85284,
224,23.008137,53.851711,
225,19.611416,53.851082,
226,19.411856,53.846889,
227,14.609826,53.843857,
228,23.00193,53.843582,AUGUSTOW
229,16.432907,53.838013,Grzmiaca
230,18.825026,53.837975,Gniew
231,20.69544,53.830193,
232,14.977447,53.826969,
233,16.276487,53.823013,
234,22.585146,53.822147,
235,22.365885,53.822063,ELK
236,22.696901,53.816113,
237,22.170868,53.814335,
238,20.085932,53.810318,
239,21.327705,53.809944,
240,21.947151,53.807377,Orzysz
241,15.264282,53.804874,
242,21.030012,53.800541,
243,20.255938,53.799747,
244,17.253714,53.799389,
245,18.536253,53.796566,Skorcz
246,21.551949,53.795082,Mikolajki
247,17.973179,53.792557,Czersk
248,19.678562,53.790386,
249,19.531296,53.786545,
250,22.896383,53.784195,
251,16.923035,53.781258,
252,15.961534,53.778423,
253,20.491621,53.777782,OLSZTYN
254,16.545961,53.776535,
255,15.397933,53.773548,
256,15.76513,53.772568,
257,18.205593,53.771263,
258,22.821617,53.769386,
259,17.644758,53.764862,
260,19.213963,53.764748,Prabuty
261,20.91787,53.763081,
262,16.092781,53.761623,Polczynzdroj
263,17.101437,53.759129,
264,14.779108,53.756187,
265,17.783567,53.756077,
266,20.243069,53.745159,
267,19.705862,53.738361,
268,16.351433,53.737976,Barwice
269,16.816092,53.737965,
270,18.421606,53.735512,
271,19.584995,53.733673,
272,22.066715,53.733276,
273,23.413776,53.732536,
274,18.94018,53.73225,KWIDZYN
275,19.137127,53.72998,
276,19.343788,53.721024,
277,21.325518,53.71896,
278,17.94803,53.708691,
279,18.17329,53.706066,
280,19.965832,53.704803,OSTRODA
281,21.502125,53.704422,
282,16.719999,53.702793,SZCZECINEK
283,23.137772,53.697033,
284,17.566767,53.695354,CHOJNICE
285,22.111099,53.687725,
286,22.62429,53.683475,
287,20.863352,53.680912,
288,16.939533,53.680649,Czarne
289,14.80701,53.678417,
290,21.107979,53.675705,
291,18.486389,53.673302,
292,16.015871,53.672676,
293,15.119113,53.666508,
294,17.21438,53.663109,
295,20.261326,53.66222,
296,17.363543,53.660049,CZLUCHOW
297,23.431393,53.659069,
298,20.40546,53.658985,
299,22.950384,53.658775,
300,21.553875,53.658318,Ruciane
301,14.503289,53.655354,
302,16.177649,53.652863,
303,22.460339,53.652058,GRAJEWO
304,17.707327,53.649662,
305,20.050421,53.64793,
306,21.040846,53.644093,
307,18.728262,53.64119,Nowe
308,20.760506,53.639668,
309,21.809187,53.625137,PISZ
310,16.459616,53.619499,
311,16.722584,53.610134,
312,19.277327,53.608479,
313,22.06772,53.60751,
314,20.587849,53.599037,
315,18.353729,53.598,Osie
316,19.859898,53.594574,
317,21.338039,53.590271,
318,17.854059,53.587185,TUCHOLA
319,19.568449,53.585854,ILAWA
320,15.304288,53.585583,
321,15.077284,53.582714,
322,19.426746,53.581245,
323,20.089134,53.580677,
324,18.669071,53.580025,
325,20.293329,53.575909,Olsztynek
326,23.116058,53.573536,Suchowola
327,20.747709,53.568874,
328,22.290121,53.565041,Szczuczyn
329,21.216751,53.562717,
330,20.997629,53.556145,SZCZYTNO
331,16.226871,53.550362,Czaplinek
332,15.550719,53.539467,
333,20.490103,53.533768,
334,17.236624,53.533447,Debrzno
335,16.845333,53.533268,
336,16.951981,53.532097,
337,16.724188,53.530987,
338,20.369822,53.529388,
339,20.276131,53.52914,
340,17.521389,53.528648,
341,19.520176,53.525291,
342,20.741211,53.52462,
343,16.019001,53.521053,DRAWSKO POMORSKIE
344,19.081032,53.518578,Lasin
345,23.653765,53.514671,Kuznica
346,19.91803,53.513611,
347,18.501446,53.509544,
348,19.755194,53.502316,Lubawa
349,22.646984,53.501144,
350,17.118057,53.500053,
351,20.082726,53.499508,
352,21.66923,53.49926,
353,15.059707,53.498253,
354,18.752504,53.492756,GRUDZIADZ
355,17.811998,53.4916,
356,17.243238,53.490921,
357,22.83037,53.4879,
358,21.559944,53.486443,
359,18.135439,53.484398,
360,22.74366,53.483704,Goniadz
361,21.356483,53.478062,Wilamowo
362,16.876846,53.473339,
363,23.400124,53.471874,
364,15.323919,53.470638,
365,22.021875,53.469986,
366,23.241762,53.463562,Janow
367,18.014494,53.461933,
368,16.60248,53.460579,Sypniewo
369,21.139072,53.459797,
370,16.498592,53.458244,
371,20.609255,53.450996,
372,17.528425,53.449165,SEPOLNO KRAJENSKIE
373,17.095055,53.445198,
374,16.2651,53.441067,
375,15.822847,53.439873,
376,19.462713,53.438957,
377,14.531153,53.437775,SZCZECIN
378,20.860317,53.437626,
379,20.341349,53.437092,
380,18.245762,53.428116,SWIECIE
381,19.78805,53.420399,
382,19.597578,53.420212,Nowe Miasto Lubawskie
383,19.936367,53.415981,
384,16.811478,53.414116,Jastrowie
385,22.413198,53.409866,
386,21.942459,53.40453,
387,22.806505,53.399471,
388,23.499474,53.398026,SOKOLKA
389,23.034281,53.389038,
390,20.943066,53.387039,Wielbark
391,19.133741,53.385307,Jablonovo
392,17.832167,53.383282,
393,17.686913,53.381458,
394,21.729265,53.379463,
395,21.346861,53.377789,Myszyniec
396,18.937651,53.377678,
397,20.608805,53.371994,
398,22.161007,53.369469,Stawiski
399,20.215857,53.367584,
400,20.774181,53.362953,
401,16.422678,53.362823,
402,20.429605,53.36108,NIDZICA
403,17.038702,53.355675,ZLOTOW
404,17.480888,53.351509,Wiecbork
405,18.436369,53.347492,CHELMNO
406,22.678635,53.344269,
407,16.570728,53.343727,
408,15.026709,53.339767,STARGARD SZCZECINSKI
409,19.573372,53.338821,
410,16.848766,53.335377,
411,14.439105,53.334389,
412,16.086296,53.333759,Miroslawiec
413,18.197931,53.324539,
414,21.525961,53.324394,
415,16.295033,53.323299,
416,17.672194,53.319401,
417,22.922756,53.310528,Knyszyn
418,20.679737,53.310062,
419,17.939453,53.303326,Koronowo
420,15.897153,53.300449,
421,20.587467,53.300072,
422,22.030468,53.297497,
423,20.279142,53.296215,
424,16.985525,53.295708,
425,19.305742,53.287804,
426,22.311485,53.285114,Jedwabne
427,15.31442,53.280685,
428,22.453791,53.276237,
429,18.943733,53.27441,WABRZEZNO
430,20.42919,53.271053,
431,17.142111,53.268654,
432,16.466597,53.265408,WALCZ
433,15.54084,53.263779,
434,16.18375,53.262264,
435,23.776514,53.260456,Krynki
436,17.25218,53.256199,
437,19.830589,53.25563,Lidzbark
438,20.908165,53.25367,CHORZELE
439,14.489054,53.25243,
440,18.320587,53.248661,
441,19.397869,53.247231,BRODNICA
442,19.551695,53.245365,
443,17.603584,53.243473,
444,20.551607,53.238503,
445,16.633394,53.236393,
446,20.036814,53.235744,
447,17.906809,53.234486,
448,21.456921,53.231979,Kadzidlo
449,20.180883,53.230614,DZIALDOWO
450,21.883585,53.226826,NOWOGROD
451,18.464781,53.220322,
452,21.039454,53.212009,
453,18.050421,53.211105,
454,17.075283,53.207199,
455,23.340494,53.20422,
456,22.77376,53.202995,Tykocin
457,21.831413,53.197128,
458,19.64551,53.196186,
459,22.387049,53.194458,
460,20.442238,53.187901,
461,16.429459,53.184311,
462,16.142683,53.18412,Tuczno
463,18.612719,53.178505,CHELMZA
464,19.858292,53.175953,
465,21.291512,53.173859,
466,20.051815,53.173435,
467,22.081379,53.172272,LOMZA
468,19.394356,53.169945,
469,19.523111,53.166779,
470,17.773094,53.163387,
471,16.254908,53.154606,
472,20.788158,53.153706,
473,17.2651,53.153015,
474,22.986563,53.15237,
475,18.899282,53.14933,
476,14.891844,53.148598,
477,19.946989,53.148319,
478,20.670904,53.146706,
479,16.745077,53.145237,PILA
480,18.200003,53.142498,
481,17.593391,53.138721,NAKLO NAD NOTECIA
482,22.733902,53.133087,
483,23.15893,53.130417,BIALYSTOK
484,19.638777,53.126766,
485,17.690428,53.122742,
486,18.417562,53.12252,
487,21.949593,53.122116,
488,19.852472,53.12162,
489,20.361898,53.121243,MLAWA
490,18.028677,53.112488,BYDGOSZCZ
491,15.616057,53.110043,
492,19.055691,53.108192,GOLUB-DOBRZYN
493,14.656544,53.103325,
494,20.701027,53.103004,
495,21.60973,53.09959,
496,16.273266,53.097126,
497,23.686579,53.096226,Grodek
498,21.410118,53.087372,
499,18.589672,53.086899,
500,21.108191,53.085804,
501,21.568487,53.080143,OSTROLEKA
502,20.041155,53.078865,
503,16.128605,53.078663,Czlopa
504,19.419134,53.070141,RYPIN
505,19.248974,53.070019,
506,19.917896,53.068829,ZUROMIN
507,17.825544,53.062885,
508,23.247629,53.062515,
509,19.608406,53.06012,
510,21.70924,53.048122,
511,15.297991,53.045944,
512,22.84663,53.039135,
513,16.447027,53.033833,TRZCIANKA
514,23.616896,53.033073,
515,21.160696,53.029896,
516,17.119806,53.023674,
517,23.055109,53.016247,
518,23.338322,53.012562,
519,18.610634,53.010983,TORUN
520,20.887735,53.009899,PRZASNYSZ
521,21.926556,53.009491,
522,17.730909,53.006748,SZUBIN
523,14.962657,53.003395,
524,23.914501,53.003361,
525,23.36203,53.003078,Zabludow
526,22.69743,52.995358,
527,16.920183,52.991875,CHODZIEZ
528,16.196142,52.987953,
529,17.488909,52.987808,Kcynia
530,22.885086,52.985191,LAPY
531,16.377018,52.982933,
532,14.713229,52.982311,
533,21.642698,52.981861,
534,21.205942,52.978687,
535,23.188236,52.977367,
536,17.088091,52.97607,
537,22.242575,52.972504,ZAMBROW
538,19.324076,52.972206,
539,15.755719,52.969788,
540,20.755058,52.962914,
541,19.880135,52.961224,
542,17.917395,52.950291,
543,17.294453,52.946888,Golancz
544,22.952276,52.944916,
545,20.291954,52.943493,
546,20.105385,52.943157,
547,18.941391,52.938568,Czernikowo
548,23.455053,52.936123,
549,22.507046,52.914394,WYSOKIE MAZOWIECKIE
550,16.384712,52.910412,
551,19.126755,52.909084,
552,19.771179,52.907223,
553,19.239502,52.906883,
554,16.557573,52.903294,CZARNKOW
555,16.975142,52.895267,
556,16.166517,52.894104,
557,21.39373,52.890896,ROZAN
558,18.407036,52.889454,Gniewkowo
559,16.855047,52.887127,
560,20.622284,52.882057,CIECHANOW
561,16.445986,52.878696,
562,19.344059,52.878647,
563,14.20182,52.877872,
564,22.726185,52.871315,
565,22.544764,52.864864,
566,23.482113,52.863808,
567,17.93964,52.863022,
568,21.099688,52.859558,MAKOW MAZOWIECKI
569,19.653852,52.857525,SIERPC
570,16.031876,52.856251,
571,21.572521,52.85347,
572,17.726006,52.845005,ZNIN
573,22.894625,52.844669,
574,20.510708,52.844398,
575,22.273249,52.840599,
576,19.177408,52.840317,LIPNO
577,17.496153,52.838844,
578,15.832558,52.837852,
579,21.303682,52.834717,
580,18.892368,52.830093,Nieszawa
581,20.297611,52.820122,
582,16.823341,52.816521,
583,19.83474,52.809784,
584,20.880999,52.808308,Golymin
585,17.205496,52.80471,WAGROWIEC
586,23.256609,52.801208,
587,21.902666,52.797924,OSTROW MAZOWIECKA
588,18.256002,52.787582,INOWROCLAW
589,20.121788,52.787556,RACIAZ
590,14.492689,52.785793,
591,14.945763,52.781254,
592,21.500801,52.777924,
593,23.189112,52.773762,BIELSK PODLASKI
594,20.545353,52.773235,
595,19.112274,52.768681,
596,19.566681,52.766834,
597,21.597008,52.754421,
598,21.215216,52.751152,
599,17.502975,52.750507,
600,21.36698,52.748974,
601,18.253885,52.741047,
602,22.845722,52.740608,
603,17.003897,52.738754,Rogozno
604,19.986362,52.738522,
605,19.266884,52.738495,
606,18.416704,52.738186,
607,15.236166,52.735992,GORZOW WIELKOPOLSKI
608,19.765285,52.733486,
609,15.609484,52.724205,
610,22.731777,52.723694,
611,20.762918,52.723362,
612,17.663218,52.719074,Rogowo
613,23.598459,52.718369,HAJNOWKA
614,16.528931,52.707294,
615,20.34597,52.706001,
616,16.367062,52.70422,Wronki
617,23.866978,52.704216,Bialowieza
618,21.090275,52.703232,PULTUSK
619,21.848782,52.702213,
620,18.796337,52.692081,
621,22.037277,52.690434,Malkinia
622,20.485828,52.688156,
623,21.69581,52.684975,
624,20.849144,52.684616,
625,22.321308,52.674248,
626,14.89766,52.673801,
627,23.546589,52.673454,
628,22.500675,52.67046,Ciechanowiec
629,19.806953,52.669621,Goslice
630,17.146391,52.667709,
631,18.332773,52.667294,
632,19.509333,52.66552,
633,21.944241,52.664433,
634,23.057051,52.650932,
635,17.965876,52.65078,MOGILNO
636,19.067043,52.647144,WLOCLAWEK
637,20.945131,52.646217,
638,16.810808,52.643822,OBORNIKI
639,20.153135,52.638721,
640,19.216377,52.636162,
641,19.982359,52.634041,
642,17.450132,52.628757,Klecko
643,20.38608,52.624218,PLONSK
644,18.173025,52.620605,Strzelno
645,17.621698,52.620106,
646,18.726501,52.617474,
647,18.533064,52.616631,RADZIEJOW
648,16.575397,52.611008,SZAMOTULY
649,23.328573,52.610115,
650,19.890268,52.607624,
651,18.44696,52.606426,
652,21.453682,52.598328,WYSZKOW
653,18.909145,52.597946,
654,22.149675,52.589493,
655,20.814434,52.587433,NASIELSK
656,15.205342,52.583485,
657,19.469913,52.579685,
658,23.330919,52.569241,Kleszczele
659,14.804013,52.566483,
660,15.889623,52.564651,
661,18.99061,52.561405,
662,20.59874,52.561108,
663,21.302782,52.557514,
664,17.823242,52.556087,Trzemeszno
665,18.120617,52.555206,
666,19.691793,52.545322,PLOCK
667,21.907871,52.544094,
668,21.139313,52.543858,
669,20.135956,52.540901,
670,16.938217,52.53899,
671,21.693821,52.531734,
672,19.146553,52.531487,Kowal
673,18.836336,52.529301,Lubraniec
674,17.610966,52.528118,GNIEZNO
675,23.144003,52.518353,
676,23.343021,52.513027,
677,21.072327,52.510765,SEROCK
678,16.250769,52.502209,Pniewy
679,19.849001,52.501236,
680,18.018938,52.487732,
681,20.073902,52.483326,
682,15.772557,52.478016,
683,18.169394,52.474628,
684,18.337793,52.474392,
685,21.637112,52.474224,Jadow
686,22.099766,52.466396,
687,18.887577,52.457035,
688,14.873944,52.454998,
689,21.947943,52.449215,
690,16.173239,52.445881,
691,21.065355,52.440186,RADZYMIN
692,18.09384,52.435535,
693,17.779799,52.433941,
694,20.627737,52.433933,Nowy Dwor Mazowiecki
695,19.44832,52.426838,GOSTYNIN
696,17.502506,52.426823,Pobiedziska
697,22.869282,52.421471,SIEMIATYCZE
698,15.429993,52.420242,
699,21.190334,52.415054,
700,21.852814,52.411461,
701,18.760248,52.408169,
702,17.925837,52.407352,
703,19.034382,52.407314,
704,19.165724,52.405113,
705,22.250866,52.404209,SOKOLOW PODLASKI
706,19.731619,52.401817,GABIN
707,22.659365,52.400372,Drohiczyn
708,22.016268,52.39793,WEGROW
709,17.225603,52.397163,Kostrzyn
710,16.887392,52.396294,POZNAN
711,20.198595,52.393566,WYSZOGROD
712,18.508202,52.383041,Sompolno
713,22.201704,52.381516,
714,21.962078,52.371628,
715,18.180681,52.370705,Slesin
716,18.302128,52.368816,
717,15.874427,52.365292,
718,22.439848,52.340717,
719,20.029192,52.340466,
720,19.577875,52.339149,
721,18.672663,52.336067,
722,19.863668,52.334602,
723,18.915304,52.331161,
724,17.581238,52.325298,WRZESNIA
725,20.529951,52.321266,
726,21.68265,52.320812,
727,15.073367,52.314377,
728,17.830021,52.310879,
729,19.403959,52.309139,
730,16.123655,52.308849,NOWY TOMYSL
731,20.21163,52.306892,
732,19.715288,52.305134,
733,16.399117,52.304489,Opalenica
734,22.626345,52.303619,
735,22.821051,52.300995,
736,18.791315,52.300724,
737,20.092978,52.291454,
738,21.549208,52.289242,
739,17.879648,52.288712,SLUPCA
740,19.871477,52.276775,Kiernozia
741,22.435835,52.27483,
742,15.257886,52.267799,
743,19.168247,52.257156,Krosniewice
744,20.594036,52.257156,
745,18.683556,52.256557,
746,18.915398,52.254665,Klodawa
747,17.084848,52.254059,
748,15.532394,52.252041,Swiebodzin
749,15.81354,52.250362,
750,21.011879,52.244946,WARSZAWA (WARSAW)
751,14.97404,52.24321,
752,19.362591,52.240116,KUTNO
753,16.834448,52.236328,
754,20.242832,52.228657,SOCHACZEW
755,19.626095,52.221592,ZYCHLIN
756,17.275801,52.220669,SRODA
757,17.634634,52.21954,
758,16.356018,52.218109,
759,22.520382,52.213722,
760,17.824148,52.211964,
761,22.714859,52.209045,LOSICE
762,23.088783,52.205078,
763,17.502825,52.204163,
764,21.815245,52.203869,KALUSZYN
765,21.448858,52.200752,
766,18.251677,52.200272,KONIN
767,18.643747,52.197029,KOLO
768,14.796229,52.195538,
769,20.623344,52.19371,BLONIE
770,23.220171,52.191387,Janow Podlaski
771,21.559862,52.179203,MINSK MAZOWIECKI
772,22.079063,52.174725,
773,17.905125,52.168823,
774,22.27911,52.167606,SIEDLCE
775,15.828098,52.166363,
776,17.699987,52.165703,Pyzdry
777,19.575445,52.16066,
778,15.454549,52.155483,
779,15.091013,52.154297,
780,19.809179,52.153507,
781,19.191816,52.152878,
782,19.298918,52.149193,
783,21.742895,52.14225,
784,16.762558,52.141846,
785,16.262079,52.138523,
786,15.589064,52.130238,
787,19.018148,52.127113,
788,18.07243,52.116806,
789,16.117538,52.110741,WOLSZTYN
790,20.633127,52.110413,GRODZISK MAZOWIECKI
791,18.563429,52.108242,
792,21.286074,52.106396,OTWOCK
793,19.936346,52.101765,LOWICZ
794,20.810135,52.100292,
795,18.837816,52.094608,Dabie
796,17.009665,52.084015,SREM
797,21.136267,52.083729,
798,16.632708,52.080517,KOSCIAN
799,18.304037,52.078461,
800,15.863037,52.07502,
801,17.436398,52.07407,
802,19.483408,52.073185,Piatek
803,17.936152,52.072418,
804,17.571156,52.071507,
805,18.175074,52.071297,Rychwal
806,15.361708,52.070667,
807,21.492588,52.06963,
808,15.432646,52.065548,
809,19.205853,52.058987,LECZYCA
810,20.455853,52.055286,ZYRARDOW
811,18.37039,52.04747,
812,14.865694,52.04073,
813,23.126755,52.029903,BIALA PODLASKA
814,21.800409,52.028259,Latowicz
815,18.494726,52.022541,TUREK
816,15.421864,52.0172,
817,16.522207,52.013248,Smigiel
818,21.92474,52.012424,
819,20.835526,51.987526,
820,21.217016,51.986523,GORA KALWARIA
821,22.788404,51.984741,MIEDZYRZEC PODLASKI
822,18.802608,51.980755,Uniejow
823,21.696424,51.98,
824,17.877779,51.979675,
825,19.003605,51.978123,
826,20.520504,51.975826,MSZCZONOW
827,17.498432,51.975071,JAROCIN
828,15.532748,51.968647,
829,19.294416,51.965656,OZORKOW
830,19.734503,51.96524,
831,21.976229,51.960613,
832,20.141558,51.960354,SKIERNIEWICE
833,15.082754,51.955563,
834,18.77739,51.953724,
835,19.726572,51.951477,
836,14.726496,51.951027,Gubin
837,15.491968,51.94231,ZIELONA GORA
838,21.305019,51.938652,
839,22.391357,51.936859,LUKOW
840,15.903852,51.935966,
841,23.612711,51.921032,
842,17.24301,51.920002,
843,18.62166,51.919895,
844,16.187704,51.916077,
845,19.603159,51.90733,STRYKOW
846,21.622162,51.905945,GARWOLIN
847,23.190399,51.902111,Lomazy
848,17.781805,51.899288,PLESZEW
849,17.003792,51.885048,GOSTYN
850,15.469503,51.882713,
851,16.078829,51.882275,Slawa
852,20.871807,51.872993,GROJEC
853,15.818263,51.858631,
854,14.814554,51.85746,
855,16.056273,51.844418,
856,16.565496,51.84362,LESZNO
857,14.969683,51.829563,
858,17.450844,51.828827,
859,19.310734,51.823208,
860,17.22587,51.822472,
861,20.480562,51.817616,
862,18.895121,51.816269,
863,19.970316,51.814812,
864,23.420437,51.812435,
865,21.90103,51.810886,ZELECHOW
866,19.397482,51.809971,
867,19.752323,51.80603,
868,15.71123,51.801651,NOWA SOL
869,18.332676,51.79948,
870,21.590998,51.797722,
871,22.107222,51.797626,
872,15.226354,51.797165,
873,22.92193,51.793133,
874,21.194231,51.789223,WARKA
875,14.964906,51.785797,Lubsko
876,22.620552,51.785145,RADZYN PODLASKI
877,19.39353,51.783051,
878,19.47644,51.777908,LODZ
879,18.719208,51.776478,
880,19.4032,51.770233,
881,20.259796,51.768433,Rawa Mazowiecka
882,23.557678,51.765095,
883,18.083338,51.758469,KALISZ
884,19.330368,51.753632,
885,15.014793,51.752319,
886,23.241018,51.745026,
887,20.86167,51.737495,
888,21.668837,51.734734,
889,15.825168,51.728928,
890,20.517591,51.72781,
891,17.725763,51.71946,
892,15.171451,51.718239,
893,17.219591,51.71434,
894,16.74334,51.711613,
895,17.994967,51.706604,
896,22.892006,51.702099,
897,17.433725,51.698662,KROTOSZYN
898,21.555557,51.698254,Maciejowice
899,20.729635,51.697147,
900,18.984026,51.696465,
901,15.72959,51.692814,
902,15.958965,51.691631,
903,15.986844,51.683678,
904,14.831986,51.67437,
905,19.345995,51.66814,PABIANICE
906,16.534437,51.664715,Gora
907,16.081129,51.664459,GLOGOW
908,18.443167,51.655437,Blaszki
909,16.958838,51.654266,
910,17.168221,51.653305,
911,20.957254,51.652264,Bialobrzegi
912,17.803013,51.650883,OSTROW WIELKOPOLSKI
913,17.37594,51.649609,
914,18.17659,51.645954,
915,22.455086,51.644421,KOCK
916,15.135307,51.636383,ZARY
917,22.900055,51.634315,PARCZEW
918,18.067215,51.633064,
919,14.820051,51.632832,
920,21.323967,51.626976,
921,22.275774,51.623421,
922,20.584143,51.620304,NOWE MIASTO NAD PILICA
923,16.852015,51.611233,RAWICZ
924,20.059677,51.610943,
925,23.420683,51.609653,
926,17.528128,51.607941,
927,18.943567,51.606857,ZDUNSKA WOLA
928,19.554276,51.605839,
929,15.163957,51.601284,
930,20.296022,51.600163,
931,16.164062,51.598385,
932,18.733212,51.596375,SIERADZ
933,19.13579,51.595276,
934,19.75701,51.593201,
935,21.551888,51.586559,kozienice
936,21.78322,51.582642,
937,23.506325,51.580227,
938,17.665705,51.574032,
939,15.5211,51.567707,
940,16.690445,51.563766,
941,21.943079,51.555805,
942,15.449241,51.555664,
943,21.197418,51.550549,
944,23.565132,51.549095,WLODAWA
945,20.036623,51.539406,TOMASZOW MAZOWIECKI
946,20.55674,51.533077,
947,17.273144,51.528786,MILICZ
948,15.782191,51.526878,
949,21.124043,51.516331,
950,16.259014,51.508556,
951,18.115818,51.507519,Grabow
952,16.067892,51.501514,
953,17.162577,51.500874,
954,15.197357,51.496826,
955,21.630655,51.491291,
956,21.449476,51.481258,
957,21.823009,51.478077,
958,19.229002,51.473656,
959,16.903481,51.470467,Zmigrod
960,15.389951,51.470409,
961,21.370155,51.469219,
962,20.912848,51.468445,
963,16.616669,51.466961,
964,22.47917,51.466755,
965,22.618649,51.46294,LUBARTOW
966,20.480799,51.449181,
967,15.560668,51.443359,
968,15.091037,51.43792,
969,20.594845,51.436558,
970,23.44121,51.427353,
971,21.976059,51.421974,PULAWY
972,18.60581,51.420734,Zloczew
973,17.562803,51.419872,
974,15.899364,51.416634,
975,16.419701,51.411724,Scinawa
976,19.69076,51.408642,PIOTRKOW TRYBUNALSKI
977,16.203201,51.399422,LUBIN
978,20.203022,51.397961,
979,17.660244,51.396568,OSTRZESZOW
980,21.15802,51.396076,RADOM
981,18.219282,51.394573,
982,18.828529,51.388485,
983,17.245878,51.379845,Twardogora
984,22.270161,51.37907,
985,20.282349,51.377243,OPOCZNO
986,18.435627,51.373974,
987,17.461346,51.367695,
988,19.371496,51.36657,BELCHATOW
989,20.634031,51.36018,
990,21.5914,51.358219,ZWOLEN
991,22.637026,51.355328,
992,19.887201,51.355263,Sulejow
993,22.759218,51.338612,
994,16.631626,51.335308,Wolow
995,19.113937,51.332798,Szczercow
996,21.898479,51.33012,
997,21.951197,51.317421,
998,22.97806,51.310852,
999,21.250896,51.307198,Skaryczew
1000,17.055927,51.306046,TRZEBNICA
1001,20.115055,51.303139,
1002,22.160826,51.299797,
1003,20.302662,51.298923,
1004,23.238575,51.294785,
1005,18.154276,51.292824,
1006,15.216698,51.291275,
1007,17.997522,51.279995,KEPNO
1008,20.440329,51.279785,
1009,21.824646,51.279606,
1010,23.443956,51.275875,
1011,22.036665,51.274563,
1012,19.785814,51.272865,
1013,16.362,51.267712,
1014,15.56731,51.263439,BOLESLAWIEC
1015,15.386591,51.254864,
1016,21.085859,51.251385,
1017,20.175694,51.245823,Zarnow
1018,22.577568,51.24218,LUBLIN
1019,20.867577,51.230976,SZYDLOWIEC
1020,20.047729,51.230503,
1021,18.573803,51.221043,WIELUN
1022,15.226738,51.220249,
1023,23.73978,51.217091,
1024,16.487452,51.215118,
1025,16.15836,51.206886,LEGNICA
1026,17.387665,51.206455,OLESNICA
1027,18.904007,51.205666,
1028,15.562939,51.205177,
1029,19.506781,51.204166,Kamiensk
1030,15.391452,51.198635,
1031,20.411636,51.192444,KONSKIE
1032,18.142502,51.178364,
1033,22.291607,51.174583,
1034,18.385798,51.172043,
1035,21.652273,51.163013,LIPSKO
1036,21.2442,51.162987,ILZA
1037,23.729935,51.162319,
1038,16.593069,51.161934,SRODA SLASKA
1039,21.972298,51.154198,
1040,15.002774,51.150215,ZGORZELEC
1041,15.171056,51.150093,
1042,16.479603,51.149345,
1043,16.860598,51.145058,
1044,18.994431,51.143421,
1045,21.768133,51.137077,
1046,23.495798,51.133221,CHELM
1047,22.854717,51.132717,Piaski
1048,23.24629,51.130039,
1049,17.54838,51.127689,
1050,17.038128,51.121819,WROCLAW BRESLAU
1051,18.863701,51.12043,Dzialoszyn
1052,20.877981,51.119804,SKARZYSKO KAMIEANNA
1053,15.286816,51.118332,Luban
1054,18.210245,51.114582,Byczyna
1055,22.133587,51.111591,
1056,20.033186,51.107994,
1057,17.980818,51.093464,
1058,19.866888,51.0905,Przedborz
1059,21.476618,51.089516,
1060,23.876011,51.083057,
1061,22.960825,51.07972,
1062,20.259089,51.074551,
1063,17.724865,51.072235,NAMYSLOW
1064,19.445637,51.069977,RADOMSKO
1065,19.172991,51.065598,
1066,21.070705,51.057686,STARACHOWICE
1067,22.639511,51.057217,
1068,18.447412,51.056255,
1069,16.193768,51.04921,JAWOR
1070,18.597561,51.038998,Praszka
1071,15.411196,51.033409,
1072,15.053545,51.032318,
1073,15.261016,51.029411,
1074,22.532597,51.019608,
1075,19.761864,51.013451,
1076,21.709524,51.011723,
1077,23.181179,50.987576,KRASNYSTAW
1078,18.498426,50.982307,
1079,18.20944,50.971195,KLUCZBORK
1080,18.730791,50.97015,Krzepice
1081,19.272047,50.96957,
1082,16.345898,50.960865,Strzegom
1083,20.959579,50.946404,
1084,21.390688,50.945072,OSTROWIEC SWIETOKRZYSKI
1085,17.932436,50.942257,
1086,16.499121,50.942078,
1087,19.423309,50.939041,
1088,17.300201,50.931973,OLAWA
1089,22.228725,50.928993,KRASNIK
1090,18.620424,50.917339,
1091,22.66736,50.911976,Wysokie
1092,15.955599,50.910854,
1093,22.840258,50.909988,
1094,16.429455,50.909397,
1095,18.93866,50.907951,KLOBUCK
1096,23.762335,50.901672,
1097,15.726765,50.8997,JELENIA GORA
1098,16.742294,50.898891,
1099,24.040955,50.894203,
1100,23.165537,50.893604,
1101,21.669231,50.892025,
1102,19.884035,50.885242,
1103,18.418839,50.883129,OLESNO
1104,19.250114,50.880253,
1105,20.632282,50.872757,KIELCE
1106,16.862391,50.865776,
1107,19.623783,50.863518,
1108,19.972673,50.855206,WLOSZCZOWA
1109,23.375643,50.852684,
1110,17.475559,50.851364,BRZEG
1111,22.437695,50.847366,
1112,16.492861,50.842751,SWIDNICA
1113,19.705688,50.832195,
1114,22.330063,50.827366,
1115,23.558239,50.826435,
1116,23.029203,50.818985,
1117,20.26722,50.813038,
1118,20.813663,50.811699,
1119,19.119337,50.810261,CZESTOCHOWA
1120,23.896658,50.809376,HRUBIESZOW
1121,21.428558,50.809319,OPATOW
1122,21.854647,50.808334,
1123,19.529024,50.808006,
1124,20.463722,50.805744,Checiny
1125,15.829761,50.797321,
1126,17.065817,50.785164,STRZELIN
1127,16.026888,50.782124,KAMIENNA GORA
1128,21.088232,50.77998,Lagow
1129,22.694191,50.778973,
1130,19.832861,50.777523,
1131,19.672884,50.774544,Koniecpol
1132,22.47715,50.766048,
1133,19.995407,50.764942,
1134,22.10988,50.764595,
1135,17.608839,50.755669,
1136,16.287176,50.749271,WALBRZYCH
1137,23.514843,50.746449,
1138,20.625557,50.746292,
1139,21.286127,50.736759,
1140,16.637514,50.732185,DZIERZONIOW
1141,18.44536,50.730381,DOBRODZIEN
1142,23.259602,50.726418,ZAMOSC
1143,20.184008,50.716225,
1144,22.412848,50.709499,JANOW LUBELSKI
1145,15.997484,50.706974,
1146,20.764273,50.701225,
1147,17.38151,50.694736,Grodkow
1148,19.802137,50.689854,
1149,21.745708,50.688465,SANDOMIERZ
1150,22.848373,50.679501,
1151,18.210382,50.67672,
1152,22.675205,50.672558,
1153,18.690889,50.671127,LUBLINIEC
1154,17.928337,50.669758,OPOLE
1155,20.520828,50.663277,
1156,20.310417,50.645393,JEDRZEJOW
1157,19.879372,50.636955,
1158,23.480387,50.632095,
1159,19.370693,50.630299,
1160,19.822378,50.629475,Szczekociny
1161,23.701651,50.619808,
1162,20.761143,50.618484,CHMIELNIK
1163,18.476463,50.613754,
1164,22.971846,50.612499,
1165,20.568888,50.611931,
1166,22.042633,50.600681,Rozwadow
1167,17.652523,50.595264,
1168,16.80971,50.594521,ZABKOWICE SLASKIE
1169,19.064226,50.586666,Wozniki
1170,21.67996,50.58123,TARNOBRZEG
1171,17.866541,50.57917,
1172,16.504341,50.578709,NOWA RUDA
1173,19.312174,50.572159,
1174,20.056984,50.565727,
1175,19.836176,50.564281,
1176,23.94412,50.557331,
1177,21.186666,50.556427,STASZOW
1178,22.731623,50.539265,BILGORAJ
1179,20.532631,50.530968,PINCZOW
1180,20.898769,50.529705,
1181,20.197176,50.523659,
1182,22.147013,50.522751,NISKO
1183,18.303501,50.51947,STRZELCE OPOLSKIE
1184,17.597769,50.489914,
1185,19.429197,50.4883,ZAWIERCIE
1186,23.624174,50.484627,
1187,19.871231,50.483459,
1188,23.060396,50.480999,Jozefow
1189,17.966192,50.478172,KRAPKOWICE
1190,22.473843,50.477245,
1191,17.332378,50.47467,NYSA
1192,20.404415,50.474632,
1193,19.647282,50.474228,
1194,19.231712,50.47245,
1195,20.724865,50.471737,BUSKO ZDROJ
1196,17.17066,50.465729,
1197,17.005787,50.464161,Paczkow
1198,22.902596,50.463615,
1199,23.806973,50.456905,
1200,21.069395,50.454456,
1201,19.521454,50.454376,
1202,23.419786,50.453667,TOMASZOW LUBELSKI
1203,20.942854,50.444572,
1204,22.251215,50.442501,Rudnik
1205,21.975676,50.438961,
1206,16.653694,50.431545,Klodzko
1207,22.738083,50.417965,
1208,21.046989,50.401062,
1209,21.459814,50.373241,
1210,22.748863,50.361423,Tarnogrod
1211,20.029213,50.355415,MIECHOW
1212,22.350517,50.3531,
1213,17.862684,50.349819,
1214,18.921381,50.345371,BYTOM
1215,16.882816,50.338127,
1216,20.404844,50.322796,
1217,17.57085,50.320312,PRUDNIK
1218,17.384808,50.314941,GLUCHOLAZY
1219,23.251556,50.31176,
1220,23.611702,50.310604,
1221,21.082808,50.307735,
1222,20.812918,50.306042,Nowy Korczyn
1223,18.682076,50.299091,GLIWICE
1224,16.644329,50.296318,BYSTRZYCA KLODZKA
1225,21.431189,50.289577,MIELEC
1226,23.084171,50.288822,
1227,18.941603,50.287498,CHORZOW KATOWICE
1228,19.557877,50.279976,OLKUSZ
1229,20.496885,50.2658,
1230,22.427208,50.253628,LEZAJSK
1231,23.137598,50.24641,Cieszanow
1232,20.088284,50.245636,Slomniki
1233,22.934555,50.245522,
1234,21.776854,50.243172,KOLBUSZOWA
1235,18.295053,50.234673,
1236,19.855806,50.230217,
1237,22.125586,50.22723,Sokolow Malopolski
1238,20.422678,50.215355,
1239,21.475882,50.189816,
1240,17.826702,50.189564,Glubczyce
1241,20.996727,50.177162,DABROWA TARNOWSKA
1242,23.033171,50.168213,
1243,23.12978,50.156597,LUBACZOW
1244,19.461109,50.155117,CHRZANOW
1245,21.974369,50.15485,
1246,16.663301,50.145512,
1247,20.894382,50.133423,
1248,18.216934,50.083054,RACIBORZ
1249,21.899969,50.072445,
1250,21.711725,50.066986,
1251,19.945057,50.062241,KRAKOW
1252,22.495995,50.058178,PRZEWORSK
1253,21.414602,50.054226,DEBICA
1254,18.714106,50.048275,
1255,22.016228,50.044186,RZESZOW
1256,18.395445,50.037476,
1257,22.688135,50.016148,JAROSLAW
1258,20.992668,50.007286,TARNOW
1259,18.47415,50.002892,
1260,22.414322,49.985657,
1261,18.953209,49.981709,PSZCZYNA
1262,19.831411,49.974094,
1263,20.433231,49.970402,BOCHNIA
1264,22.038057,49.963657,
1265,22.827103,49.951366,
1266,21.838457,49.949257,
1267,18.760855,49.913456,
1268,20.201078,49.911209,
1269,22.51531,49.910275,
1270,22.686686,49.90966,
1271,22.645849,49.904293,
1272,22.289564,49.894207,
1273,19.945217,49.83762,MYSLENICE
1274,22.397547,49.831051,
1275,19.052896,49.821301,BIELSKO-BIALA
1276,22.2297,49.817322,Dynow
1277,22.938034,49.808678,
1278,22.549004,49.802025,
1279,18.790861,49.801479,
1280,22.779119,49.790405,PRZEMYSL
1281,21.60244,49.761547,
1282,19.598562,49.751335,SUCHA
1283,21.474138,49.745369,JASLO
1284,21.901737,49.701096,
1285,22.480888,49.696339,
1286,21.754507,49.691334,KROSNO
1287,19.190323,49.679913,ZYWIEC
1288,21.17621,49.674381,
1289,21.79077,49.635448,
1290,20.956604,49.625675,Grybow
1291,20.702213,49.622597,NOWY SACZ
1292,21.525829,49.607231,
1293,19.972345,49.604633,
1294,22.374802,49.58382,
1295,22.008629,49.582951,Zarszyn
1296,22.209108,49.56205,SANOK
1297,19.099237,49.560608,
1298,20.635698,49.560585,
1299,21.68969,49.558842,Dukla
1300,22.26796,49.515991,
1301,20.030634,49.482788,NOWY TARG
1302,22.337202,49.472527,LESKO
1303,20.235359,49.445644,
1304,20.147842,49.439766,
1305,21.807737,49.438503,
1306,19.859793,49.437191,
1307,22.613457,49.429546,USTRZYKI DOLNE
1308,21.031956,49.396229,
1309,19.963831,49.296146,ZAKOPANE
1310,19.963831,49.296146,ZAKOPANE
